11.758419754 -23.531352604 21.224198081 -0.271611553 -0.790633506 0.267148211 0.479330425
15.325227736 -17.152496699 25.228581555 -0.749494897 -0.300401125 0.320234526 -0.495445670
3.016503741 -23.936893898 20.346751772 0.027298076 0.517697871 0.192880596 0.833091115
15.715099115 -12.696308901 21.710698872 0.533656677 0.313019482 0.576183302 -0.534080666
5.303682417 -16.684970373 31.436085775 0.503933692 -0.591313521 0.250122077 0.577787245
2.936024328 -11.489217168 21.043657926 -0.615821380 -0.622079556 -0.473277400 -0.098942187
3.243886887 -16.264914799 23.301869712 0.365697241 0.077437764 0.478737462 0.794405037
10.768241728 -14.476080805 30.534263736 0.785680131 -0.562696788 -0.243685672 0.081831231
10.029338984 -15.388512848 30.519216547 -0.041394477 0.329175299 -0.227384316 -0.915547100
8.414729759 -10.903213682 24.528124305 -0.530802225 -0.414847363 0.342012236 -0.655117008
7.647445018 -17.962824586 23.141180400 -0.221586840 0.811794256 0.487220714 -0.233463775
3.310590434 -9.049943339 21.847261021 -0.963078371 0.224498584 -0.040290067 0.143028483
5.054271606 -23.646797265 17.767708991 0.758640778 0.209604030 0.608793151 -0.099504867
5.123089563 -20.936136393 29.756409782 0.225792521 0.222050676 0.064038092 -0.946366925
4.440437867 -11.394729608 16.299922219 0.385826524 -0.227431698 0.606079941 0.657327789
0.238569511 -9.730892668 22.585431195 0.440192684 0.743920826 -0.147007279 -0.480833718
0.525796722 -16.019012438 27.970021454 0.074376595 0.752834763 -0.617395511 -0.215709815
10.959186358 -13.456489479 17.094073752 -0.289259657 0.460797869 0.765587314 -0.343322353
2.389072690 -12.883944355 28.026159479 -0.219367985 0.511888554 -0.317161422 -0.767630398
9.057828103 -8.441485796 27.456364271 -0.130328496 0.077673266 -0.960097439 0.234934576
16.152403791 -13.100875772 24.001683851 -0.390747542 -0.288126660 0.798221845 -0.356568748
6.345784387 -22.239175952 19.478190519 -0.578320716 0.686694166 -0.159404830 0.410592708
14.789872837 -17.742235529 23.088119470 0.101834233 -0.343558925 -0.139399338 -0.923127769
15.686364152 -18.014685614 23.352569285 0.437411632 0.505771650 -0.719678841 0.186891596
1.367978307 -19.193089123 19.299125894 -0.356816423 0.125653571 -0.659095068 -0.649989933
7.114644864 -11.540488847 14.324257167 -0.124052766 -0.313305593 0.701228457 0.628274755
11.887657157 -19.752886560 16.113102558 -0.150128701 -0.285411414 0.280299183 0.904120603
1.238675303 -16.076162627 20.149873345 0.781629039 0.187963451 -0.502839543 0.317613257
8.515746451 -14.714762037 14.553090275 -0.643848392 0.628736448 -0.326645685 -0.288881156
11.600520559 -19.780243246 16.090724726 0.554414070 0.761828235 0.243853764 -0.229734894
14.231801095 -20.347230982 18.225134783 -0.188709523 0.703654994 0.314385125 0.608621687
6.754798564 -10.148448707 15.499128942 0.027695769 -0.265334468 0.226285121 0.936816742
4.379600893 -19.576480579 29.914265442 0.799938082 0.247193111 -0.504738883 0.210317119
0.658750209 -12.703718475 25.513676481 -0.344451010 -0.514193813 -0.629155685 0.470235418
4.270033855 -14.051630431 20.695215130 -0.038102122 0.097442211 0.951382903 0.289696073
7.994127672 -8.205360563 23.121105009 -0.437210994 0.561735945 0.625814559 -0.318834459
12.986145973 -15.269486512 26.325025853 0.698368941 -0.080986085 0.476037725 -0.528308773
5.728114342 -10.665380385 27.013513271 -0.707842780 0.016875472 0.652382367 0.270316602
1.613818619 -22.910875184 20.558164635 -0.210082903 0.538833996 -0.199505066 -0.791025175
4.528703154 -17.027900599 18.288484400 0.722161642 -0.338714400 0.531778862 0.284545884
5.507449839 -22.422169056 18.615082309 0.065458993 -0.384456426 -0.174027649 0.904224946
13.091176816 -17.174126667 17.623944772 -0.407579563 -0.158839740 0.759830939 0.480942597
13.065149979 -10.114158744 19.696719632 -0.130144121 0.387499859 0.706064531 -0.578255346
8.407284836 -21.538537807 25.098459729 0.412924673 -0.068415241 0.245972213 -0.874248386
4.677525835 -20.896867972 25.881338305 -0.064415975 -0.982623124 0.156820068 0.075563517
7.292232827 -13.332264746 17.349777849 -0.103725709 -0.531888277 0.299978114 -0.785078957
-2.255033768 -14.205726709 24.689907855 -0.320305097 -0.307734382 -0.195163471 -0.874422904
14.174329182 -17.516113928 25.009350454 0.747353303 -0.080898049 -0.039426800 0.658303937
0.529733251 -20.418916209 17.248008244 -0.279042205 0.527645366 0.738264298 -0.314152260
7.473804661 -16.559802707 18.706392225 -0.738568269 0.091825004 0.524117009 0.413988456
10.928241168 -16.875810424 14.526999943 -0.180082577 -0.468578532 -0.464748803 -0.729392195
4.054179800 -9.527816814 20.888347964 0.737459569 -0.547783162 -0.265834984 0.292264868
12.816271711 -15.433782099 17.172003599 0.016290869 -0.728381531 0.564529731 0.387944758
7.822678621 -10.597533277 25.989837539 0.170021520 0.680694016 -0.147782802 -0.697071433
5.186647298 -20.992802617 18.447817286 0.831424047 0.302542458 -0.233148263 -0.403539345
4.002563741 -15.596871502 16.608975856 -0.440222325 0.880828368 0.143874766 -0.098212743
8.561305867 -11.732057791 19.630092709 0.592786437 -0.483210223 -0.522367297 0.377153188
3.262303703 -10.933953564 28.033606962 -0.340347063 0.635919132 -0.648876367 0.242343133
13.819147124 -10.847705349 21.039894522 -0.416202883 0.133447377 0.899172071 -0.021366917
1.031845999 -19.328101063 22.970785765 -0.430459163 -0.795742162 -0.276334523 0.324250754
8.622424382 -5.800128717 25.803806316 -0.522887267 -0.155681892 -0.315972426 -0.776217418
3.890799166 -13.586176920 27.190162588 0.544578067 -0.755391925 -0.353039004 0.090450158
12.918740569 -10.060820382 17.364512070 -0.702308741 0.037325518 -0.503429702 -0.501924071
8.648643215 -11.955116536 13.824459078 0.123837900 -0.193355666 0.093288902 0.968800775
8.895101836 -8.313219166 25.816268222 -0.225541136 0.430527488 0.057818490 -0.872028841
11.476127188 -14.565838837 27.265687858 0.908051366 -0.294983563 0.080437640 0.286281681
7.134088534 -16.856484566 19.324855265 0.590781215 -0.088501126 -0.738837190 -0.311872912
10.352733572 -19.229558065 27.201564483 0.735223942 -0.384205732 -0.534942301 -0.160213751
15.169736436 -16.363143131 28.027555117 -0.035667399 -0.648210774 0.427477006 -0.629137535
4.903268001 -8.981117003 25.205944007 0.548223491 0.003107422 -0.777213086 0.308838417
8.823476068 -9.698450849 17.262382586 0.109081656 0.554187396 0.443803541 0.695712541
7.367833555 -20.553744389 17.860520439 -0.503366608 -0.470336544 -0.570725917 -0.446852907
13.600349021 -12.823561802 20.629952197 -0.282784891 0.879019071 -0.382256978 -0.035182096
-0.842457295 -12.027187192 25.614596305 -0.395068647 -0.139367652 0.108769871 0.901480192
3.470905484 -10.615363654 16.197559334 -0.105901082 0.109382050 -0.975378441 0.159553830
-2.194099885 -14.323205789 25.564387232 -0.197101863 0.626658851 -0.688534201 0.307197322
5.744504919 -17.416304068 27.727344414 -0.075542818 0.709037514 0.241939639 0.658045817
3.474529705 -24.034140161 21.792878276 0.976382202 -0.113165614 0.027294152 -0.182006507
3.484029419 -11.039928929 18.568122095 -0.405093311 0.070542680 0.772869909 0.483316918
1.920495969 -13.690170784 26.797379206 -0.708996883 -0.228521781 -0.353982194 0.565506694
14.505808165 -20.985923456 25.121058798 0.577106129 -0.718656754 -0.300119253 0.245783279
2.776206746 -10.690782186 25.048856462 -0.078031905 0.980746532 -0.128362521 -0.124781106
0.447734554 -18.133655677 28.124246922 0.315085660 0.280871363 0.308665363 0.852383715
14.167702108 -12.758249151 23.322664360 0.514398946 -0.800246720 0.192269144 -0.240897256
2.628650826 -21.641684362 24.441948021 -0.546893474 0.568458978 0.475963450 -0.388871075
11.136807624 -21.372744587 23.725910617 -0.188929561 0.026620429 -0.047503009 0.980479698
-0.447130330 -13.849542514 16.969471200 0.214162314 0.142330904 0.930798964 -0.259787808
-0.590838104 -11.414101565 18.882175000 0.156227002 0.650225126 -0.544047711 -0.506766709
6.140944525 -14.803895189 30.791798782 0.575823512 -0.236916584 0.428745942 0.654579813
12.170057984 -8.898536142 19.468455545 0.176036137 0.694319511 -0.552049354 0.426817531
11.944297909 -21.443048732 27.305578382 0.646427184 0.619861183 0.278192558 0.347149695
7.477955274 -11.771191099 17.692688599 0.545844764 -0.015419522 -0.419794490 0.724974702
14.316663002 -13.002116694 23.069708278 -0.751000897 -0.374178424 0.544047938 -0.000023997
6.759446054 -23.033862739 23.091580948 0.312009535 0.437475640 0.465228342 0.703439909
-0.149293522 -19.177657338 22.161432055 0.854558606 -0.361157944 -0.175325770 0.329477471
9.809640956 -10.634761563 27.094120073 0.146146844 -0.844548957 0.387150886 0.339841657
12.177975440 -17.662501586 18.789223518 0.725291493 0.495766208 -0.399322901 0.262124658
4.037661982 -13.154183271 16.589822810 0.658708192 0.467587266 -0.583876619 0.080955297
8.462209286 -16.723589168 23.392672301 -0.864211091 0.230269696 -0.365777264 0.257530678
9.416021036 -11.381350513 30.995702058 0.585317118 -0.781979184 -0.214220318 0.004699303
7.557346167 -13.350765925 32.205781579 -0.531455304 -0.736624368 0.342123640 -0.240605934
2.960960537 -14.892630437 17.618430385 0.042489440 -0.632934044 -0.577942932 -0.513391771
11.020431160 -18.028656732 17.656112862 -0.173138896 -0.112631153 0.749809829 -0.628587597
2.080568806 -11.807084595 17.958347440 0.259940833 -0.661926358 -0.614344331 -0.341855677
14.543009822 -16.616437151 28.708607126 -0.408263187 0.230280471 0.132268965 -0.873382503
5.642525456 -8.701876505 25.557213286 -0.607040152 -0.619721981 -0.395787570 0.301328924
0.557860678 -20.111098327 19.132559044 0.547476754 0.756886337 -0.320014887 0.158059321
2.929629156 -9.546534706 19.975807299 0.054308888 -0.416714858 0.744241447 0.519137689
13.366762558 -21.142529884 21.223922205 -0.735568963 0.184944367 0.385425079 0.525529629
4.786707794 -10.085890118 24.470903053 -0.330099387 0.091933433 0.865479145 -0.365415502
8.267448277 -20.727607621 14.589601208 -0.047977609 -0.697902662 0.552121439 0.453642966
3.102181823 -18.542073814 20.840677838 -0.283518575 0.294574043 -0.159767918 -0.898508522
10.794772592 -15.153632744 27.075023737 0.683666124 -0.331056260 0.647417652 0.062070662
15.060139292 -10.331910417 23.775771532 0.244419457 -0.330314236 0.372701338 -0.832012829
6.677952685 -24.869925480 20.784916830 0.459461499 -0.576585679 0.579086460 0.347998501
9.161070305 -7.867122081 22.515074727 -0.567810526 -0.672557406 -0.293298817 0.373140116
12.553474469 -19.958484025 28.101008451 -0.485757226 0.185538167 0.719935716 -0.459682576
4.428285437 -18.473726322 14.345868387 -0.852058549 -0.266148686 0.443806897 0.078718124
8.311621567 -17.569053492 27.067680125 0.235971635 -0.668159574 -0.694775003 -0.123157895
5.496513619 -24.332262102 20.686169024 0.691723859 -0.659061782 0.087946442 0.281817481
4.419513601 -14.991754264 14.765382268 -0.184342459 -0.860242601 0.466259090 0.092752285
4.977384556 -11.470302316 17.330399683 0.523035148 0.301679992 0.795844581 0.045330117
0.489958237 -17.183370717 28.570925511 -0.074856272 -0.698604586 0.632991761 -0.325068612
10.904385760 -19.229300885 18.866130056 -0.070122010 -0.834097127 -0.419736327 0.350979062
5.152607541 -19.362024685 24.520394037 0.098449005 -0.420817678 0.714831531 -0.549760091
13.829361037 -17.922035169 21.237935997 -0.417947758 0.120828145 -0.900386316 0.004971209
-0.315146396 -20.791516793 19.952430623 -0.737712979 0.233555475 -0.461995181 -0.433349575
8.494623150 -13.293458719 27.696390602 -0.396934778 0.512097032 0.584088420 0.488917303
10.439300698 -20.448836694 30.201529917 -0.483266494 0.423454815 0.111249631 -0.758131278
8.323978825 -20.704007060 30.550965076 -0.707346783 -0.164794079 -0.301231419 0.617869786
1.530708617 -19.486955814 27.754978279 0.599804888 0.208684212 -0.164457532 -0.754744140
13.780316254 -10.778162255 18.289130914 -0.426090910 -0.343817271 -0.688081146 -0.476214823
13.448552950 -19.770678353 18.681526183 -0.418903622 0.837354791 0.154036450 0.315641382
0.791326454 -16.577562285 30.091605784 0.828115182 0.555008485 0.019898563 0.076124066
13.783320272 -10.811676369 28.467242629 0.169723699 0.517796543 0.837533804 -0.040221046
3.559700773 -15.632221503 22.433955127 -0.040642452 0.702252400 0.649032715 0.289734866
-1.132093624 -13.403839050 22.938351424 0.567499733 -0.521307163 -0.584457592 -0.254149993
6.744850401 -6.625495302 17.571736497 0.026638624 -0.081115308 0.567627045 0.818846890
2.897628618 -16.329556548 23.023762451 -0.086679090 0.108094837 -0.631800832 -0.762646674
10.374936782 -18.693426128 19.769205687 0.646715509 -0.687370477 0.041552842 -0.327954630
9.872816996 -16.571995490 22.349950278 -0.372745267 0.596791283 -0.049625490 -0.708828923
8.823295662 -14.399829543 30.776813621 -0.371320939 0.886613199 0.179591052 0.209248296
8.746914537 -19.480264726 25.564007877 -0.511938180 0.186080230 0.262169808 -0.796593020
-0.913345513 -18.144560705 18.095934012 0.068681727 -0.883470947 0.341136525 -0.313668261
11.206223942 -12.234177758 17.708379170 0.565403920 0.509645626 -0.399609151 0.510776144
11.155992488 -23.615793472 23.868842390 0.573197281 0.138697696 -0.755982641 0.284074062
6.896877618 -13.765373869 24.377672485 -0.800393668 -0.548210534 0.167369275 0.175563984
1.795638619 -13.780417577 21.656784696 0.602902716 -0.769693321 0.137053341 -0.159049956
11.711154693 -14.109429049 22.431804873 -0.218186381 0.568531956 -0.383870830 0.694124848
0.501248209 -11.104236553 28.520534594 -0.722350510 0.212776183 -0.025895556 0.657468977
9.153897522 -23.011194422 23.999009805 0.879374346 0.433669033 0.176105338 0.087285959
2.305881072 -11.957433409 25.125698740 0.008601429 -0.290458748 -0.513294974 -0.807519660
12.470427811 -19.920600654 19.818184747 0.202600397 0.438507149 0.817115024 0.314622943
7.324430441 -15.919601738 13.206487225 0.151167103 -0.431762673 0.099668643 0.883626427
10.016589757 -22.466311688 17.366904574 -0.426550763 -0.827966535 0.355280834 -0.079381309
12.134198879 -12.077419955 14.644374719 0.147789621 0.412933406 0.292327242 0.849817047
4.902857846 -14.820162958 19.389754663 -0.369421728 -0.540903134 0.392884990 -0.645439983
11.846786024 -18.908173656 27.139692265 -0.354429166 0.387002438 -0.838234439 0.148229904
9.797515237 -14.233668376 26.175452841 0.027169186 0.877561258 -0.059493269 -0.474982763
5.377144753 -21.768574144 24.456213469 -0.862545066 0.237562200 -0.403968757 0.190760201
5.151457831 -15.569259843 26.660426296 -0.236477531 0.627526722 0.470649133 0.573391650
3.249978631 -8.134884483 19.112933897 0.340958184 0.376109081 0.321072193 0.799501171
3.156102313 -18.242909987 28.155801187 -0.230509125 0.766066799 0.416641689 0.431760240
14.221934427 -14.935924844 19.792294565 0.555691500 0.113407132 -0.209680905 -0.796479565
12.287611838 -12.716307237 27.613565312 -0.496361636 0.859203309 -0.101957865 -0.070706397
4.163366383 -7.463049779 22.810942300 0.448365053 0.514523934 -0.482646285 0.548895677
6.865997308 -13.620311906 14.024111545 -0.630115307 -0.378753155 -0.003355639 0.677856538
7.277775372 -18.715326924 24.990536545 -0.898458063 0.270521145 -0.018516614 0.345323840
11.164452266 -8.974125397 20.852398322 -0.261018768 0.037769792 -0.390838203 0.881866285
8.112021227 -23.487378149 24.411467289 -0.435425412 0.688797892 -0.176100764 0.552223411
2.924789379 -15.228608372 19.504066587 0.091949897 0.637341166 -0.391345161 0.657411909
5.031324465 -12.790370350 16.089189216 0.472921903 -0.000749474 -0.739388020 0.479217767
7.096788885 -12.204615263 24.291249240 0.141298212 -0.084159130 -0.633614052 0.755966460
3.907058886 -9.207884751 20.127194031 -0.779536817 -0.511026747 -0.022422703 0.361484766
4.817661531 -10.861160732 29.555400654 -0.578120320 -0.406909665 0.698155496 0.113050097
2.722059701 -21.363424111 28.270653319 -0.436659991 0.735725958 -0.363789479 0.368364739
3.070611204 -9.308669602 23.031761363 -0.298186018 0.728677757 0.469535983 0.399561993
7.003641772 -23.157018747 26.820700687 0.660516060 -0.090206754 -0.722702636 -0.182434032
8.875320847 -11.866354998 19.239734261 0.338160152 -0.710847806 0.611928766 0.076722183
-0.838717530 -18.042980087 19.049862718 0.305939201 -0.275845029 0.076037023 0.908035845
3.134786316 -12.136315773 30.076517880 0.313456568 0.159273652 0.871574545 0.341664595
6.270238347 -20.612457997 15.551813064 0.481130222 0.413708783 -0.037881828 0.771960957
12.397505115 -18.498327298 21.058598180 -0.884687955 -0.324610473 0.302340525 -0.143336908
11.638083100 -18.448470766 18.915424112 0.201607421 -0.610542415 -0.730452654 0.230285319
6.731577770 -9.984538962 29.740062200 -0.192301156 -0.737377470 0.330890204 -0.556602556
7.234033670 -23.556518185 23.995870631 -0.161117009 0.347641095 0.915441530 -0.123100706
8.375527947 -14.700574021 18.047126498 0.205562722 -0.660979724 -0.680337275 -0.240813130
11.325238968 -11.186105858 25.644589367 -0.210624456 0.462830787 -0.778790754 0.367300915
4.828512168 -18.747462179 28.658015178 -0.047279647 -0.040511928 0.884842997 0.461710179
0.313542625 -13.877666985 19.358483434 -0.136749898 -0.893363424 0.427244782 -0.025751771
15.114696742 -10.006350407 23.727529744 -0.151284501 0.107495137 -0.957677090 0.220028152
2.402745982 -17.022089793 26.479773565 0.454772574 -0.113514651 0.498105010 0.729511980
15.085546659 -13.171666128 22.822227500 0.364270676 -0.486038907 0.586995124 0.535266083
8.155919482 -15.190655347 20.894959827 -0.948415149 0.204938231 0.233490825 0.063174847
5.778890998 -10.811280512 20.752239013 0.592848069 0.537105156 0.461341680 -0.383683557
3.215938548 -22.908125138 23.871082157 0.286443111 -0.011996106 -0.433871205 -0.854144142
5.539509587 -12.196728976 14.050321004 0.163039945 0.204387235 0.771156742 0.580483517
8.058011595 -13.627557050 22.853673367 -0.959480395 0.264000306 -0.035579761 -0.091843834
11.653137859 -8.516705839 20.006209526 -0.843799232 -0.361159246 0.035951258 0.395315523
2.059975428 -20.125839143 20.300776564 -0.244044810 0.072040213 -0.882795050 -0.394873698
