21.247051670 23.552838158 9.278026433 0.702530441 -0.086939708 0.204329201 -0.676122803
17.947941333 22.562098154 6.479857445 -0.569456864 0.667342993 0.474962799 0.069155973
21.067101873 14.090228645 6.260185081 0.568930982 -0.367878760 -0.570722194 0.463960055
19.226557524 20.993888780 -3.712584551 0.395227092 -0.760830899 0.462424761 0.226042540
23.371895130 22.923719484 -2.978994207 -0.021811858 -0.547576924 -0.162845404 -0.820466410
25.683071563 18.234409208 9.627797535 -0.798387680 0.264936899 0.239124058 -0.484979624
16.822073384 21.796344209 11.179889605 -0.188745090 -0.545351898 -0.255942242 -0.775538630
23.555942992 17.933069675 8.294755106 0.362783199 -0.485767233 0.596939061 0.525435347
22.009613269 22.659893483 4.798288485 -0.154462580 -0.117188360 0.151789838 0.969210011
14.392193066 13.348529467 5.871692771 0.285014846 -0.133456616 0.547326410 -0.775493179
17.557513024 26.754233494 9.858620887 -0.200483061 0.594222738 0.680091487 0.379712324
26.279752237 20.726444432 6.755716925 0.465451547 -0.182500931 0.811269663 0.303133305
17.536864072 24.981889089 6.155732872 -0.869707894 -0.062933250 0.150255655 -0.465908599
19.026442545 13.438953488 6.005925686 -0.656357671 0.280471132 0.147095468 -0.684757968
24.136753998 18.314295728 -1.890691274 0.621437783 0.274149517 -0.354448136 0.642669155
19.527436689 27.607819604 10.179768247 0.133073722 -0.717810112 0.244527989 0.638158358
10.649715457 21.086261479 10.155773633 -0.156686471 0.377872163 0.911634503 0.039805909
27.091966481 23.998475188 5.551045339 0.559881542 -0.647029468 -0.490684719 -0.164663394
23.612844433 17.739917666 6.547480129 0.636844664 -0.386174037 -0.117495715 -0.656881454
20.563658653 25.392259164 3.677862792 0.011809722 0.377680155 -0.866534602 0.326092033
17.335482672 20.132831588 14.759902627 0.213645309 -0.708122268 0.026150857 -0.672483953
26.734786161 16.550278770 2.864313192 0.467322875 -0.702720132 0.298024223 -0.446066486
22.725550432 18.838104789 12.223416831 -0.255475379 0.734987078 0.040414146 0.626811792
14.002741739 18.303169915 8.361349410 -0.449963058 -0.595432999 0.077534524 0.661045526
20.527779158 12.306972146 10.425132680 0.365820403 0.268977417 -0.248595777 -0.855585601
22.153386029 19.993165557 6.073094756 0.751035455 -0.582800481 0.251081738 0.182338439
16.702465428 23.683079979 10.017545363 0.131168583 0.013729087 0.938614457 0.318762005
14.775793128 12.338938799 7.763789907 0.510087782 -0.165389486 -0.073384918 -0.840875393
25.113017747 24.874462428 10.033123020 0.350155755 0.235355744 0.141867308 -0.895473220
11.885746167 23.623865416 9.145879955 0.638064667 -0.185445551 0.689286253 0.288734980
15.168437158 20.605172494 -1.243477574 0.015179789 0.897508158 -0.408864342 0.164555858
20.976053732 26.577658715 9.122371671 0.095493690 -0.638868999 -0.728707959 -0.227402875
14.907183461 15.985541957 -0.178147829 0.689637009 -0.212320617 0.482949643 0.496064909
17.578014086 18.271166467 11.654264315 0.485687594 0.778900555 0.193109804 -0.346597880
24.197639203 19.161962235 3.259576216 0.987431814 -0.023097255 0.145689255 0.056741266
17.292632203 20.752368278 -1.333615134 -0.145207996 -0.907203361 -0.251529484 -0.304351143
14.921949879 23.153887696 2.586503879 0.181946284 -0.274417658 -0.168334906 0.929114556
25.985913606 22.742687205 10.061732858 0.457662593 -0.657363264 0.448684198 -0.396359660
14.015381118 16.621248494 12.086753227 0.771356735 0.373990909 0.009932707 -0.514821259
16.620659131 21.987384029 8.659107842 -0.411043810 0.806607040 0.411297155 -0.106125965
21.490305900 19.463433558 -3.504767855 0.062829332 0.349546001 0.739008404 -0.572482879
18.437284298 27.202657167 -0.359976244 0.544947644 -0.345498444 -0.747379589 -0.158387629
25.934945640 15.655638674 9.759314219 -0.093637119 0.584754993 -0.400468433 -0.699227232
22.120909858 13.015940901 -0.898730420 -0.360097336 -0.299508730 -0.214091457 -0.857198505
13.394019523 12.048199577 4.015937143 0.480336151 -0.395924908 -0.560721509 0.545996373
18.014516307 25.321337597 10.872297599 0.298205204 0.720604480 -0.468791702 -0.414773648
27.586276841 18.999961468 2.252954102 -0.871501826 -0.038709030 0.433081385 -0.226774541
26.343157596 16.992059571 -0.888110430 0.584243122 0.672591604 -0.451790244 0.046541200
16.693331740 10.961771537 4.599227999 0.469947042 -0.137726430 0.469981965 0.734369227
25.801985532 18.204698389 -0.664749635 0.002395806 0.645879428 -0.689356613 -0.328057136
20.966130280 16.674318750 1.400725232 -0.330102951 -0.357494052 -0.736483044 0.469917834
20.287082566 19.457326969 15.174313077 0.824017180 -0.362992653 -0.288163559 -0.325873879
14.329081286 18.657925779 -1.692467993 -0.098234099 -0.957350809 -0.271680279 0.004395048
15.855485567 19.845836496 5.652180396 -0.873664072 -0.239746603 0.157683916 0.392897490
16.227099964 17.693893534 -2.354155729 -0.904949417 -0.154796133 -0.281109097 -0.279432255
28.256771533 18.308721142 4.242552971 0.603434960 0.170869577 -0.670188947 -0.396883626
19.327278059 16.981238605 14.303833083 0.251470299 -0.031931086 0.925103133 0.282714146
16.474302081 20.086962140 8.282748846 0.047286351 -0.506285618 -0.546971121 -0.665027418
20.816870818 23.842659843 14.139145307 0.537596787 -0.431524038 0.565004405 -0.453372607
20.083456096 19.380312104 -2.728521060 0.065489722 0.796398373 0.132115582 -0.586520418
18.075725510 28.239248620 6.969876505 -0.042011206 0.412718065 0.077681209 -0.906567420
14.689949528 20.168080376 12.233554445 -0.284047742 0.430831372 0.406499617 0.753962380
13.962597853 26.045172859 6.112752028 0.512929955 0.639086779 0.452776398 -0.351375133
23.146189850 21.114160048 3.643241615 0.667160370 -0.272077645 -0.693417317 -0.006574164
24.339172178 15.025865635 3.103441979 0.103442204 -0.082792792 -0.169078333 -0.976656327
14.576760665 26.100170389 10.740783829 -0.530295790 -0.259441031 0.340071807 -0.732002659
26.665217152 17.644769569 4.917869164 -0.197341529 0.554026487 -0.220425946 0.778153825
26.257691936 16.553078808 6.538355082 -0.163468283 -0.874211052 0.347407023 0.297223009
22.146847508 12.662062254 7.400143384 -0.406663557 -0.697594169 0.271805272 -0.523554220
24.838981095 15.207527003 2.016404843 -0.455284506 0.134558641 0.268149509 0.838275510
22.912650248 15.763716085 9.885286420 0.185390116 0.575344104 -0.365328517 -0.707915773
27.736379701 16.115968494 2.063082002 0.080607119 -0.658401457 -0.734293461 -0.144302207
18.058040764 19.556893290 14.264202235 0.484004354 0.075238313 0.586107193 0.645412535
24.074301504 25.026523918 6.850086797 0.525037068 0.016672157 0.459722128 0.716040279
24.287654570 17.663118985 4.366937635 0.106742958 -0.929057971 -0.275211427 0.222970623
12.481476283 26.380740368 7.622104335 0.743251691 -0.317594673 0.555006113 -0.196669169
22.969902748 21.436676958 13.952967528 -0.814494651 -0.453250044 0.211501646 -0.293989651
19.836104439 22.791290509 0.640958038 0.142162361 0.090342152 -0.765275603 -0.621274022
22.821642930 22.288445440 -1.992390080 0.415810729 -0.436815540 -0.097962711 -0.791641920
15.134262527 21.003436928 9.071533357 0.598213140 0.312079495 0.735063870 -0.066547238
22.828058991 19.970610629 1.696327728 -0.123144339 -0.028697204 -0.576527203 0.807234988
18.162057263 25.174714129 2.454132313 0.809233330 -0.437984259 -0.303587176 0.247277241
17.680783294 11.002913235 8.133060712 -0.118701071 -0.163143231 0.976742821 0.072579632
16.635415180 11.433377364 4.129557174 0.330998901 -0.562575436 -0.553600832 0.517179587
22.878679763 16.070179293 5.637566185 -0.767377239 0.312170637 0.202745290 -0.522088128
22.576987944 19.348783369 14.232378206 0.441535405 -0.415261873 0.553103008 -0.571560255
18.201748721 18.303897803 7.683652541 -0.572612470 0.812333449 -0.076132849 -0.080206704
22.687957751 13.614586131 5.233998628 -0.569101128 0.570882672 -0.369596074 0.462185701
24.254727001 24.451148643 -1.707686247 0.184399067 0.093799453 0.320205855 0.924481940
13.856045447 24.769756032 7.921524634 0.221537181 -0.268020775 0.140181412 -0.927057341
23.392827848 15.703548600 11.184768739 0.561157992 -0.352552538 -0.746364975 0.061218787
21.518330150 10.686872112 8.476821566 -0.960239292 0.038629592 0.117191394 0.250428500
20.856307945 17.445528787 -3.053705831 0.395480662 0.049524381 -0.848245813 0.348742631
22.082227677 18.866943844 3.285722631 0.134807822 0.160230565 0.168304719 -0.963237530
19.237828399 22.392067436 12.917699006 0.249756766 -0.454564601 -0.798510422 -0.305571084
12.102035588 23.277995074 5.009716508 -0.834243294 -0.028376692 0.321728171 0.446904770
23.937999204 20.052348376 8.972204753 0.052625726 0.728182960 0.669471595 0.137068935
25.604695114 25.655437771 5.775454938 0.529623895 0.777013967 0.255209254 -0.224980138
27.903831462 16.846872311 2.795486866 -0.704879268 -0.326804956 0.473572327 -0.414816814
26.926096201 20.786226729 6.261276306 -0.848187750 0.291287601 0.424422389 -0.124878783
14.242646777 22.325672808 11.546371191 -0.132545638 -0.218539431 0.758686932 -0.599221420
20.558931889 15.932853646 13.967323416 0.778797452 -0.369054737 0.501785985 -0.074053733
25.137534865 15.174741696 8.465664166 0.745079297 0.044358778 0.659938880 -0.085847623
24.928474982 13.372719788 6.097010008 0.312438293 -0.782601612 0.495486093 -0.210738135
20.484591988 24.105348006 12.271229323 -0.449162289 0.522010122 -0.714195666 -0.125232673
24.411254767 25.158902454 10.605543812 -0.117401683 0.556992283 -0.541135802 0.618989891
19.694141254 15.457208151 5.091446680 0.780393599 0.008104958 0.510492733 -0.360994890
27.119628487 19.650388384 10.759013773 0.612705295 0.578409114 0.535805296 -0.054293673
9.312964033 18.914442068 5.238333696 -0.609161354 0.369105150 -0.699580870 -0.057187758
12.398694778 20.467793729 7.452805504 -0.814578713 -0.502963486 0.088260721 0.275135054
18.713697244 22.324462152 6.640670515 -0.822498411 -0.112396353 0.542627588 0.128135572
28.721823395 21.502220973 6.149477474 0.809341511 0.391427076 0.159470396 -0.407823927
17.185439799 19.136302649 9.370705218 0.769939553 0.120640442 -0.618053341 0.103194172
14.741006941 19.050975199 5.365028906 -0.706371970 0.698068925 -0.114881886 -0.023250131
10.307868753 20.370668329 2.539766062 -0.495703385 -0.431401942 0.665509398 0.353931857
26.737072461 19.156488679 7.895667388 0.118660478 0.167113828 0.957441309 -0.203221058
21.413504906 19.746453993 0.780410152 -0.617804615 -0.648282146 0.092116036 -0.435387589
21.055142227 23.718243489 0.924276741 0.204415603 0.516547539 0.827205707 0.084401538
14.205383852 11.565520370 6.113403263 0.390513037 -0.024280800 -0.821571408 -0.414644946
12.320432146 20.144491668 4.859290323 -0.037031419 0.106752776 0.700496086 -0.704654350
13.964346427 16.782000463 10.915195654 -0.295218817 -0.042325079 -0.210800241 0.930923035
26.158033809 23.577108151 -0.576744061 0.038030711 0.628065844 -0.483493921 -0.608539718
21.975480148 24.591979869 9.108788237 -0.483120788 0.162088446 0.598848389 0.617820562
24.093648566 19.332225765 -1.130656225 -0.246935796 -0.006883543 -0.568005790 -0.785076272
13.908696506 24.117998131 -0.142521049 0.459106996 0.161248449 0.264954896 0.832477391
21.391023578 24.809785840 9.366283852 -0.363318416 -0.023831445 0.395736788 -0.843103900
27.433221144 14.994212637 6.151672581 -0.226927823 -0.449138776 0.241922087 -0.829609443
13.608122665 19.553680266 -0.123836553 -0.516661302 -0.850396654 0.099348339 -0.004066579
13.740295744 14.571214066 -0.883113538 0.325662786 -0.677327106 -0.315754062 0.579198683
22.124080270 14.518102172 3.221317168 0.514160036 0.529148321 -0.089419164 0.669063320
18.177608987 20.130767156 12.137544702 -0.830065216 -0.419326995 -0.080331310 0.358752686
22.712346270 21.490034291 11.437539363 -0.116778262 -0.422788253 -0.844621612 0.306964595
17.353638437 21.813041010 11.944757026 0.369619502 -0.760737435 0.336737058 0.413845542
18.812586896 24.199628175 13.439461622 0.211113309 -0.932722484 0.286492380 -0.058155436
20.012361157 16.318131817 2.349326420 -0.433543744 -0.383380392 -0.570609299 0.582635671
17.059314636 16.438539241 14.519789775 0.417916831 0.876198271 0.158831785 0.179984931
20.401311271 24.688250243 -0.451119041 -0.183947589 0.882401806 -0.360958258 0.239247725
12.774654473 22.720360190 8.871793748 0.333965552 0.634442535 0.278171223 -0.639195159
16.574653103 15.731557795 13.261614477 0.426779556 0.034762982 -0.226146443 0.874933444
22.716279250 20.868474411 3.415877366 -0.919765769 -0.056361121 0.337592090 0.192057115
15.999099724 12.995223405 1.596863643 -0.761329092 0.122576379 0.013374765 -0.636532922
25.146607995 16.497370778 9.171825544 -0.770447172 -0.636203323 -0.017992467 -0.036506956
18.378234729 22.764881477 12.002065661 0.174256353 0.100700380 -0.704765313 -0.680294062
24.050113080 27.340146209 7.976470115 -0.220851110 0.415134625 0.143012447 0.870882007
22.949291967 23.730022954 2.903297595 -0.404574477 0.321501447 -0.696560428 0.497754841
16.112524885 15.986145537 9.382533268 0.395351004 0.707832924 -0.397817909 0.429431073
23.203657735 23.565482662 12.194401761 0.361370363 0.457672796 0.471144686 0.661792835
15.957618774 27.760079986 5.022165736 -0.734317282 0.383901214 -0.170093525 0.533353710
11.409843046 15.757708966 6.722498847 0.590523336 0.485984735 0.285429592 -0.577607976
20.692597320 19.978518775 4.640954129 0.101465731 -0.629168723 -0.645898371 0.420317402
27.325528647 20.663821177 4.356062534 -0.784229646 0.444028752 -0.336302899 -0.273354511
16.010432825 16.140454709 8.519263726 -0.855774980 0.416350379 -0.092325764 -0.292877958
14.951583086 15.259142973 9.866204325 -0.948211586 -0.103223997 -0.149566099 -0.260517902
17.504982828 24.922983069 3.644170568 0.130461039 -0.043419068 0.823962481 -0.549709498
20.259508789 23.121049970 9.091979540 -0.234048158 -0.430057412 0.775085838 -0.399392069
25.879297963 20.273405985 10.258083841 0.004190392 -0.229403673 -0.973191667 0.015949147
19.801760552 10.903801837 5.170727128 -0.220712718 -0.218873991 -0.898352961 0.310390125
20.084142389 25.839119218 3.930972878 -0.373957885 0.744667816 -0.542489092 -0.106446833
14.366458008 23.118019691 -1.159841434 -0.641813668 0.618913378 0.443020676 0.093563489
17.361030351 25.083403434 9.098515052 -0.223120008 -0.441206350 0.289388748 -0.819639293
19.393434319 26.366208413 2.223545580 0.970496252 -0.092387796 0.078076071 -0.208580073
14.480251556 21.678760642 3.633592030 -0.571385893 -0.099099982 -0.169970401 0.796748027
23.735439527 13.610192096 8.846242500 -0.374744343 0.258999347 0.588172926 -0.668235456
14.402761001 15.228242715 7.402434551 -0.619359303 -0.470692500 -0.578232320 0.245947165
11.126223609 25.305914663 5.114867258 -0.820215421 0.343544692 0.361549279 0.280188913
20.086030875 26.600968858 -0.918675870 0.797938861 0.359357748 0.339301196 0.345007654
15.504665353 17.313522801 11.931737397 -0.094901738 -0.849136557 -0.406831889 0.323185059
21.860831847 16.401664112 8.755637189 -0.427256955 0.756577155 0.488048821 0.082769868
16.263504438 13.274524903 11.853887814 -0.894768051 -0.387728089 0.042811234 0.217311441
18.764211107 12.150817743 4.856789276 0.932068390 -0.106168809 -0.109237587 0.328700245
23.408462489 19.992170297 -3.565685769 0.434732018 -0.257618590 -0.699958158 -0.504677434
24.506725452 15.281794423 7.356322033 -0.170136014 -0.020011749 0.098569948 0.980274060
15.238204324 14.853197213 5.539084687 0.039668371 -0.182235116 -0.295956939 -0.936817097
19.959999775 9.792207937 6.116395882 -0.341488398 -0.020938629 0.512500249 0.787585388
14.130874917 13.443345209 0.266675932 0.215143321 -0.675008229 -0.560136019 0.429330739
16.960490618 28.393794886 3.652743465 -0.370441625 0.566435657 -0.728631252 0.104976893
20.280101814 25.586370207 13.195789060 0.752754778 -0.364019755 -0.431056309 -0.339175944
26.232647343 16.823687301 5.638571884 -0.857988817 0.364798788 -0.358833469 0.044895158
14.868805027 13.614050142 -0.148470011 -0.326541713 0.203274317 -0.444633397 0.808919776
21.248883181 11.605101347 2.378620643 0.131618771 -0.136717201 -0.814471412 -0.548289362
12.937299709 22.171907344 6.982738046 -0.476760839 -0.485160721 0.115256086 -0.723902074
22.672625219 15.422847906 5.315922345 -0.093471319 0.842279581 0.319649936 -0.423853913
19.763739471 12.364416761 -1.185959953 0.345975498 0.683738381 -0.120564578 0.631083959
9.986350928 18.716632532 1.837028163 0.604731468 -0.267514612 0.323435257 -0.676849628
24.063348887 11.952031845 7.207736895 0.145200852 -0.732568333 -0.116689277 0.654709068
26.718216372 21.225806992 11.172975979 -0.426562378 -0.105646410 0.873203925 -0.210708993
19.978708060 17.108227677 -2.785698088 -0.008762003 -0.649329168 0.457956668 0.607100115
19.191020251 23.566800179 -0.626723016 -0.370498990 0.535501966 -0.757850421 0.040384181
18.439648850 16.634574135 13.316346205 -0.065877852 0.343170398 0.330472480 -0.876745189
24.262451097 25.309804661 1.714922701 0.067248879 -0.252842675 -0.567749291 0.780518361
17.891138375 15.532152410 11.917109874 -0.382970755 0.382288217 -0.515858437 0.664137932
18.269034197 13.328222634 8.571347913 -0.923200447 0.376220013 -0.021880375 -0.075370323
17.443248999 24.870348519 7.713073459 -0.182926582 -0.195830489 -0.862998276 0.428278251
11.387700635 21.277340313 1.420934948 -0.127984569 -0.247082580 0.959044619 0.052948726
9.668881368 20.848569709 7.368736543 -0.927126876 0.364237090 -0.003817596 -0.088048415
25.493512345 18.802879104 11.705592956 0.215295877 0.510958743 -0.499488621 0.665642521
20.670199317 25.893788678 5.422753105 0.331722673 -0.193833210 -0.875689195 0.292501603
16.116661063 18.840607854 2.655420000 -0.234799686 0.238966750 -0.892144483 0.303054817
18.283159290 23.736364188 3.264569280 -0.425158802 0.094830876 0.844879160 -0.310525849
21.401745978 17.497903764 9.674368143 0.293689021 -0.780767334 0.486962589 -0.258875581
