-1.286721448 -39.675627996 -15.789150627 0.321821319 -0.431721810 -0.266871415 -0.799266517
0.477792306 -29.778276067 -15.099646009 -0.500653125 0.739550133 0.082793133 -0.442218663
7.170127315 -33.260246674 -20.891101591 -0.183037424 0.633013033 -0.002303861 0.752187805
-2.316288037 -24.509959232 -15.951865783 0.289109384 0.024908895 -0.295880985 0.910082279
2.648616243 -26.483563862 -16.025306077 -0.430712681 -0.338907765 -0.221588398 0.806552351
0.728742480 -38.118059294 -11.758328331 0.659721465 0.274327251 -0.249487590 0.653657472
-6.450974534 -30.673231117 -18.716730433 -0.757057321 -0.114287029 -0.520017790 0.378661043
-3.627431385 -32.747341167 -8.619636876 0.543162811 -0.542037496 -0.633822304 -0.097153491
1.484193923 -34.625381783 -19.296886387 0.400172988 -0.697116350 0.361329250 0.472579673
2.026497666 -38.905241211 -11.164871555 -0.889083726 0.071835997 -0.250276561 0.376472257
2.728770151 -41.421471711 -10.486780673 -0.151430343 -0.579409309 -0.698746944 0.391288145
0.315749222 -40.640254988 -20.643788472 0.708842364 -0.248485963 -0.588955904 0.298208269
1.289348649 -24.770452060 -12.163251031 0.379559216 0.051133759 0.361136463 -0.850235612
6.283794002 -34.905783628 -16.182964646 -0.177981023 0.846692904 -0.293046846 0.406887488
5.809162786 -28.248971318 -16.354974637 -0.447293381 -0.559397933 0.483616634 -0.503107877
-4.606359757 -31.624094771 -15.936034666 -0.448127161 -0.180094942 -0.596403963 -0.641131946
-2.144230344 -25.699446766 -13.496751434 -0.799869429 0.461947026 0.068806906 0.376934280
2.944693921 -38.409743769 -11.464477428 0.030339743 0.236669041 0.968841044 -0.066440169
-2.644823000 -34.913255464 -14.485796422 0.955796111 0.027783225 -0.058277587 -0.286854683
-4.113252872 -26.787851569 -19.912745615 0.321416932 -0.639229418 0.698582616 -0.007696454
-1.058488061 -26.174248224 -19.638413206 0.266741599 0.263900002 0.635856496 -0.674456985
7.169514285 -32.430876847 -14.737675144 -0.328445715 0.449757580 0.771119300 -0.308571800
-2.675993987 -32.710734863 -11.547923489 0.568728313 0.093291145 0.036518177 0.816401428
-2.643032115 -31.126396336 -23.904745554 -0.211277958 -0.644659043 0.253120529 -0.689714681
3.061771219 -35.983568177 -10.361726836 -0.753526746 0.522626269 -0.396121371 0.046336660
2.459823758 -26.878483255 -17.531064146 -0.686600740 0.667935477 -0.136660734 -0.252518248
6.206531519 -31.541041902 -12.527468341 -0.007318808 0.618519683 0.478572938 -0.623175561
4.046006755 -31.214579658 -23.913995700 -0.297821324 0.533173427 -0.008731404 0.791803207
3.564046639 -34.567378233 -12.883015527 0.155619915 0.139701110 -0.717441188 0.664487911
5.733620605 -31.258150862 -14.158098128 -0.574385951 0.591987343 -0.147186173 -0.545864448
7.304568135 -38.534106009 -18.486598770 0.078398574 -0.015331682 0.396730766 0.914452461
1.386076736 -42.832018055 -17.350082103 0.269787295 -0.719998146 -0.632921133 0.090710113
6.166103993 -29.941515885 -11.012434859 -0.310285166 0.797526928 0.485600953 -0.178509464
1.588526808 -41.462784738 -14.877400152 -0.261740719 0.878590690 -0.299116788 -0.264762804
1.148518746 -39.182085971 -24.060750353 -0.005915860 0.605012095 -0.796177673 0.005145827
4.125842285 -40.443755691 -19.203613185 0.760582589 0.648080210 -0.036999420 0.011713661
2.485537813 -36.039331078 -16.674368474 0.674623991 -0.691074290 0.061086388 -0.252125465
-3.117896608 -41.420932994 -12.835191562 0.105829508 -0.245819796 0.918799397 -0.290138606
7.287536087 -30.354701720 -8.529876406 0.714783924 -0.459417366 0.071133768 0.522455368
-0.690073429 -38.487037848 -18.030920195 -0.399605660 0.834021067 0.306024390 -0.225993914
-1.997273885 -31.770687470 -7.119708525 0.094195647 0.650303683 0.564978982 -0.499030109
-0.227377865 -33.143744921 -21.790820017 0.591656427 0.634426681 -0.284812625 0.407832352
-2.799573766 -30.521700687 -16.095044373 0.095088642 0.197672799 -0.566731712 0.794165462
1.833718027 -36.772606022 -14.863311389 -0.653513063 -0.694959816 0.052119855 0.295355804
2.347328204 -33.078900377 -13.231789260 -0.336137892 0.734819812 -0.187964006 -0.558319527
2.489985004 -39.101359687 -11.819283766 0.740654679 0.392642385 0.318207152 -0.442726565
5.727912519 -26.313340946 -10.463646366 -0.178892728 0.870009886 0.368850432 0.273915223
-0.338859984 -33.638216700 -25.210076356 -0.344392961 -0.286060400 0.885458363 0.124605068
2.892698116 -34.636526114 -17.534633601 -0.867527526 -0.435066748 -0.070964394 0.230384398
-0.588042809 -36.977434343 -7.520244330 -0.501805551 0.185422904 0.705952605 0.464155637
-2.854163226 -29.570187198 -15.098454099 -0.546141632 -0.548857067 0.237915660 0.586413997
4.037143174 -34.470154243 -20.125758571 -0.051258026 -0.544568060 -0.762704797 -0.345108150
2.003989353 -42.083393008 -17.869319196 0.336078793 -0.069214730 -0.939272205 0.005300082
2.877144382 -33.897302134 -22.702365974 0.629326253 -0.365694818 0.621361629 -0.290043950
-4.177929690 -28.369365716 -14.389701252 -0.688069823 -0.136408746 0.530037650 0.476458458
-1.006440326 -38.075956366 -12.350966228 0.388165376 -0.863803110 0.093863618 -0.307183089
-5.896234004 -37.584410794 -11.106894353 -0.161588378 -0.751304796 -0.577286069 -0.275991112
-4.439174446 -35.652079070 -23.580880825 -0.354794261 -0.689735016 0.616604497 0.134853750
-6.791887702 -29.475361369 -14.166718079 -0.084607722 0.385337222 -0.822904928 -0.408881693
0.375331296 -39.671152056 -9.618165714 -0.622445485 0.216328266 -0.668177840 -0.345401324
5.146361036 -31.289447534 -10.822461973 -0.498792316 0.494049620 -0.461465586 0.542375065
-0.810408590 -32.436731998 -23.521877634 0.684294794 0.276863565 0.638705271 -0.217123879
-5.216289502 -31.310728126 -12.780644051 -0.448017666 0.179256525 0.428809223 -0.763721101
-1.879072558 -30.798062828 -22.365097520 0.219014654 -0.341399078 0.704711283 -0.582117908
-2.130628786 -37.871487267 -12.817385042 -0.004969072 0.409088619 -0.450438059 -0.793553631
8.737942606 -30.624248012 -13.156265323 -0.834392596 -0.024038332 0.541495852 0.099966979
-2.782067333 -33.478854212 -11.594502826 -0.379607770 -0.314554007 0.773999163 0.397339921
5.589002010 -26.749132080 -16.083907738 -0.253874662 -0.436739009 -0.388153324 0.770807169
5.262348866 -30.264227882 -10.091447727 -0.882227242 0.180946898 -0.381685104 0.207965851
-0.613541573 -26.060202087 -21.569647456 0.952049380 -0.163648644 0.258491501 -0.001800668
4.685254810 -30.393086569 -11.321068385 0.746759909 -0.218727850 -0.126100434 -0.615310041
1.492207413 -33.899991463 -23.217664303 0.708082658 0.302746782 0.604119622 -0.204945891
-3.794604283 -32.764797090 -22.718765039 0.367829143 -0.558667019 0.736315512 0.102138882
-2.110414258 -26.138791255 -17.889928990 0.784861615 -0.202927150 -0.388949708 -0.437642483
-5.983349237 -39.820555068 -15.429026215 -0.797729573 0.083978601 0.335468138 0.494000255
-1.295347061 -31.258376472 -10.664543466 -0.661643733 -0.429649855 -0.496287452 -0.362391139
1.459058696 -31.568969566 -10.430656497 -0.249140499 0.583580921 0.437440302 0.637187808
7.214254219 -29.515310060 -9.900445538 -0.140475101 0.910355794 -0.320306446 -0.221185113
6.165699011 -35.428102107 -24.262695628 0.739819909 0.210444909 -0.639019404 0.005800274
10.600783809 -32.640720994 -18.830764832 0.271179014 0.700384128 -0.532839860 0.389879083
-1.610134519 -34.410075607 -18.989741025 0.017451761 0.261185975 -0.781671737 -0.566097711
-1.678649361 -26.022930513 -14.411828577 -0.283001154 0.709041208 0.644273456 0.045635799
-2.119044857 -29.666816725 -11.402941107 0.157854599 0.169127122 -0.963767127 0.132781275
-5.349015877 -33.583055745 -12.050983447 -0.334506815 0.267881394 0.156929778 -0.889785252
4.836666442 -35.678608991 -23.206681104 -0.254325890 0.889693563 -0.187043764 -0.329815610
8.929104135 -30.869738259 -19.454992277 -0.160282587 0.594387880 0.081235736 -0.783845199
-1.334490836 -26.666302337 -11.076754370 0.198735514 0.320184902 -0.915063503 -0.143682323
-3.483783717 -34.036425022 -14.548338500 -0.580195612 -0.123813592 0.788399172 -0.162696011
-7.518107366 -34.140873961 -15.098036412 -0.577620672 0.440739566 -0.680234668 0.096869967
1.750243602 -40.934067163 -17.134623675 -0.122015855 -0.500131308 -0.771616337 -0.373616159
8.114329116 -32.124011383 -9.896489953 -0.866894844 0.325330900 -0.377653789 0.005545270
-1.429765425 -37.377998526 -15.853778844 -0.828804637 -0.267372101 0.235677000 -0.431336742
9.288639802 -35.457920404 -18.734243556 0.125966862 -0.892037674 -0.432833413 -0.032501906
-4.209954729 -29.948423971 -10.537027652 -0.544085196 -0.640742176 0.268687972 0.470348314
1.142590426 -30.230332054 -14.448724908 0.149213661 -0.832160944 -0.520861444 0.118096587
-1.184851646 -40.983242913 -11.110465324 -0.745942457 0.611472853 0.226274030 0.135907557
6.875041447 -38.176246358 -17.146457269 -0.082825147 -0.264384383 -0.939626936 0.200853464
-2.593543440 -40.758427662 -20.704215809 0.051476144 -0.887302563 0.446226121 0.104530463
-0.269014655 -37.761843471 -18.739936400 -0.556470227 0.029927826 0.500297702 -0.662681991
1.213628720 -37.538040468 -20.107124790 0.364174452 0.685538798 0.627454166 0.060949112
-1.867425865 -41.450558467 -11.644457240 -0.246418086 0.267455977 -0.746913069 -0.556656353
8.065062348 -32.368770767 -22.049687976 -0.803485846 0.178978961 0.420558423 -0.381454637
0.161750317 -36.942319486 -17.376703668 -0.075111464 0.340564413 -0.929157045 -0.122643115
5.678240591 -37.730659135 -17.527104159 -0.205980326 -0.446570458 0.775287534 -0.396328363
2.946583682 -40.957108561 -17.138305914 -0.312023955 0.460881179 -0.113881130 -0.822958491
-2.631352986 -30.816050351 -11.048448030 0.137641876 0.833874403 -0.227368786 -0.483747485
4.193670308 -30.191748063 -16.571315224 -0.659311963 0.571577076 -0.404739482 -0.273483700
1.162747424 -32.724192002 -8.759352676 -0.496196181 -0.484763493 -0.607693522 -0.386655259
2.641138715 -38.482512095 -23.079718259 -0.920138581 -0.143872081 0.007407478 -0.364130396
-4.128333763 -35.923884267 -12.825020699 0.717166895 0.016709853 -0.526397932 -0.456396366
-3.068821596 -31.891869617 -12.917053305 0.384645471 0.468568144 0.671039965 0.426845547
4.481908600 -26.094301432 -18.656224326 0.061593924 -0.461603340 -0.631627991 0.619818220
6.971347945 -34.169597363 -9.223899312 -0.579450723 -0.768675016 -0.146637767 -0.227756328
3.766000086 -40.815120181 -17.880078125 -0.008581837 0.797389625 -0.344310304 0.495526541
1.199725201 -37.489343411 -17.463294513 0.208326694 0.022742905 0.184023989 -0.960321780
6.142984165 -31.762062294 -8.668038142 -0.540153131 -0.830074892 -0.107603070 0.087360451
-5.202805487 -34.297051718 -9.431461643 0.540329506 -0.306732747 0.169978556 -0.764896292
-3.636855430 -30.806891612 -19.551839345 0.415034944 -0.346035893 -0.176108308 0.822794640
5.444278393 -35.036449619 -18.480544310 0.567811057 -0.705120501 0.196160477 -0.376718396
6.652758044 -26.146226356 -16.559380321 0.111855593 -0.165559460 -0.334273861 0.921053406
10.806394984 -33.135217288 -14.249410412 -0.279599362 0.224192681 0.881158170 -0.308418737
5.656113815 -28.506290262 -15.568504242 -0.836502450 -0.177342705 0.390047343 0.341579107
6.067003444 -29.868021528 -14.430106133 0.497435492 -0.505159266 -0.613718022 0.347451058
1.474011954 -32.615951892 -13.752797918 0.076897590 -0.881178996 -0.072657888 -0.460794063
3.759317667 -39.837223278 -19.923557937 0.280753894 -0.868778632 -0.325179471 -0.246290989
6.076327339 -31.512155504 -13.717361156 0.490516502 0.038455759 0.502755982 -0.710739853
1.856429801 -30.706555436 -7.994335350 -0.745419528 0.332134524 0.405936472 0.411402438
6.521971188 -30.343655677 -19.560076280 0.848738614 0.127317930 -0.242019960 0.452613796
-0.770367280 -29.304402828 -22.097268294 -0.448571191 -0.630320664 0.110308579 0.623948527
-5.750736978 -29.552228245 -10.229457753 -0.202938932 0.100342346 -0.294689143 -0.928388664
0.328011878 -32.993648700 -11.911282064 -0.311523153 0.703435408 0.402763809 0.495896427
4.789436608 -38.038900266 -19.315214595 0.324622516 -0.213693242 -0.897610446 -0.207968526
-0.637944311 -31.238065481 -22.860790306 0.263482586 0.129334126 0.863135200 0.410910254
3.547125275 -38.033809871 -16.655807946 0.021916623 0.771820867 0.412573490 -0.483317004
0.792533469 -29.394699562 -9.658613702 0.017010087 0.389855211 -0.392578320 0.832830015
6.276458486 -32.993486765 -23.186639206 -0.261196942 -0.944344890 -0.156172500 -0.124896103
-0.297178127 -32.621405135 -21.234873966 -0.068569433 -0.807378677 0.481513859 -0.334039382
-0.485421365 -28.964502423 -7.806151734 -0.792843165 0.279140101 -0.000692513 0.541737981
5.189715285 -28.292610727 -19.388058975 0.386256010 0.573821002 -0.581075849 -0.428820021
-1.362515566 -40.235263219 -17.481802194 0.441672319 0.879430630 -0.108855063 -0.140277955
4.557667905 -32.868619175 -16.387415900 -0.027200033 0.368421938 -0.135494115 -0.919329527
-1.119045808 -29.399785653 -11.567798115 0.135316379 -0.305523249 0.303204371 -0.892419258
-5.612736867 -28.834588345 -13.736941366 0.445671916 -0.794433466 0.405274798 0.077487735
-1.157826563 -36.991281770 -13.668587893 0.396669327 0.382375573 -0.746928069 0.372210728
5.215181900 -33.308740565 -12.163730924 -0.671950680 -0.365494607 0.638700425 -0.083413088
-0.328311178 -38.855812386 -15.488843056 -0.597725710 -0.442235404 -0.538622093 0.396280283
9.201833441 -32.853249038 -10.676528336 0.591832574 -0.398354827 0.130599893 0.688470263
8.152495300 -35.616770082 -12.227122497 -0.271957980 -0.037570850 0.905734696 -0.322911674
9.282444380 -37.455731455 -13.820841807 -0.780490142 -0.226504035 -0.302806010 0.497834892
-5.418008769 -35.231768372 -11.509275967 0.260328505 0.092370407 0.651188757 0.706859236
0.247995616 -36.207334895 -22.313317620 0.060688224 0.456228048 0.877857966 0.132432247
0.206678375 -34.124037165 -8.632639517 -0.743804173 0.150924202 0.416204537 0.500750458
-4.072922468 -34.657020391 -11.326178073 0.244325807 -0.700342312 0.462028725 -0.486163556
-3.396956479 -30.191017584 -13.315359078 0.352964355 0.290529684 0.346294682 -0.819200012
0.272368343 -33.447593588 -9.426254034 -0.229808473 0.559898507 -0.790983306 -0.089705833
4.815108505 -35.802366776 -7.271524282 -0.116687241 -0.843348286 0.508154597 0.130102503
-4.859208881 -30.317703714 -19.397310731 -0.386506507 -0.311887465 -0.615273365 -0.612190832
-7.486554216 -36.510937288 -14.790102430 -0.559667921 0.369702538 0.152548028 0.725824325
0.546555156 -29.462243174 -11.900767037 0.402056441 -0.548338104 0.491222070 0.544405015
2.790340912 -31.987921721 -10.849891128 -0.137707412 0.959505226 -0.149573187 -0.194972436
7.067810620 -28.552661299 -14.311141013 0.476802244 0.430743891 0.197053477 0.740465562
6.076380848 -25.349885997 -19.075039068 -0.204594751 -0.930099014 -0.289508160 -0.096134470
-3.233777646 -36.462062627 -22.839765982 0.136358471 0.734943697 -0.091982342 0.657877936
0.225422657 -36.688357187 -15.619071583 0.953777120 -0.195381677 0.087843123 -0.210757658
6.133237122 -40.950803627 -15.159036625 0.287092446 0.639502473 -0.218642704 0.678829789
7.831242070 -33.847226830 -18.957759097 -0.150651626 -0.835451604 0.168848541 -0.500814212
7.503094414 -29.902670330 -15.761092433 -0.054674793 -0.965406464 -0.149512992 0.206511239
2.618203150 -37.025392027 -23.363872421 0.297138179 -0.934523234 0.040945716 0.191568986
1.014189180 -36.845716763 -16.058600179 -0.416250306 0.156992787 -0.482475406 0.754523976
1.841284300 -38.856835933 -23.440437482 -0.278521673 -0.242907181 0.836238255 -0.405126351
9.115271512 -33.693806964 -21.661139372 -0.415511033 -0.324964749 0.259020386 0.809108728
0.627094733 -40.427648873 -11.676404394 0.377690722 0.646064811 0.051429955 0.661290359
2.475758376 -33.619758633 -23.774503639 0.184976554 -0.632548796 -0.302296204 0.688681857
4.847983379 -28.967913238 -17.351505870 -0.514903867 -0.489853399 -0.531844376 0.460498875
-1.376001245 -40.399699669 -21.495183622 0.238273661 0.621331462 0.725255266 -0.176572012
-1.040849590 -31.246239820 -18.346667238 -0.661143501 0.731295499 0.079508637 0.147561988
-3.139911330 -26.047961222 -15.174672719 0.595530574 0.266092714 -0.316020422 -0.688962333
6.891059560 -32.786752346 -19.295041949 -0.685751812 -0.479708671 0.492375188 -0.239145810
8.782258977 -30.261945472 -21.972709695 0.151448859 -0.639273781 0.368864692 0.657518909
10.812222040 -32.379315245 -18.400544481 -0.545488979 0.809924749 -0.081540308 -0.199536596
-4.466425105 -30.945863836 -15.665436386 -0.110574797 0.373691115 0.804187141 -0.448788599
5.717289602 -36.096769798 -21.744168152 0.265537988 -0.575700371 0.639486401 -0.434874467
-1.443807108 -32.502984463 -8.956755899 0.331878241 -0.895016621 -0.222910069 0.197770530
4.923716370 -39.959760830 -20.167307462 -0.907249996 -0.263639938 0.025128403 0.326741475
5.269678545 -36.459034811 -13.085052338 -0.267732591 -0.367289056 0.180864306 -0.872184678
8.321044566 -32.654644048 -21.107473689 0.577104897 -0.002639625 0.137458586 0.805014353
6.008091406 -32.370242495 -7.638698007 0.778941162 -0.253885767 -0.151957591 0.552902861
5.355311774 -25.558100100 -20.944986746 0.361217840 0.473005939 0.039690071 0.802628028
8.383295807 -32.902411740 -10.696475457 0.307777245 -0.388088489 0.023682732 -0.868389095
3.844394348 -34.774004023 -25.583221187 -0.364304094 -0.219889265 -0.868461506 0.254373448
-0.308011820 -33.316961876 -8.504346370 0.239207527 -0.309477343 -0.203476412 -0.897552719
4.240370970 -29.873280281 -7.874896097 0.327712877 -0.473404341 -0.301334749 0.760059188
4.349721005 -41.442566141 -19.740360855 0.048690704 -0.090923591 0.898310543 0.427083464
4.391287597 -33.297902051 -10.819609885 0.200324619 -0.226060536 -0.459234040 0.835386604
-7.662192998 -31.055908906 -19.247867201 0.195042623 0.856806003 0.442141093 -0.179869682
3.977579731 -40.015298240 -22.272747596 -0.105597039 0.824021792 -0.162016566 -0.532529797
2.185850421 -39.398384770 -17.960422227 0.500373757 0.238946760 0.424264045 0.715912403
-0.323116006 -30.375430785 -24.427624600 0.292423065 0.445916446 -0.825004491 0.187122592
4.540543073 -29.448338691 -16.402974438 0.900787172 -0.420444871 0.099799331 -0.042996222
3.767878285 -39.095899772 -18.358387884 -0.515524230 -0.855854317 -0.025018473 -0.033499745
