34.623192015 0.746525108 -7.308930982 0.084128412 -0.613723413 -0.137431293 0.772902725
36.051613719 10.958963276 -13.625048400 -0.441278587 -0.246319542 -0.785728318 0.356694411
33.508844371 -3.789327451 -14.379903226 0.198422950 0.521000338 -0.235876193 0.795958166
33.011699734 3.801951813 -21.376837202 -0.063595392 -0.857271060 -0.117244450 -0.497288342
39.519648367 0.495897482 -20.909522802 0.803233523 -0.294832301 -0.496829391 0.145087487
38.686589426 1.389918893 -13.396465565 -0.672297667 0.356319107 0.478648976 -0.438118362
41.709168682 -3.546019186 -19.244599750 -0.407519949 0.122016970 0.904923399 0.012369002
28.700159440 1.922168594 -14.919312188 0.781012028 -0.584757658 -0.181240876 -0.123411661
30.996443343 -0.160555908 -16.611444134 0.276731855 -0.798476837 0.231193544 0.482082738
34.189077838 7.695156891 -16.970136104 0.202274676 0.951781258 -0.148768157 0.176253875
31.328137460 6.783484990 -13.003395261 -0.607977269 0.543655888 0.493012484 0.302887118
41.763258442 -2.372251015 -12.108384173 0.195946528 0.250798215 0.946103601 -0.059943217
34.578578363 -3.570846913 -13.093920457 0.281101407 -0.809512595 0.492413820 0.152315423
42.914212910 -1.444195432 -11.160059879 0.316097386 0.096408496 0.829533233 0.450180475
37.648861271 5.396201561 -18.432580215 0.631931548 -0.292423989 -0.358704229 -0.621676769
31.923343365 2.106487179 -22.813866070 0.397908133 -0.730282479 -0.315735102 0.456801888
35.492935447 -3.462511848 -19.931566124 0.880295285 -0.168141756 -0.401812735 -0.188029483
41.294723129 2.561626657 -23.903401579 -0.495641904 0.009149162 0.748944234 0.439702093
43.083130472 0.781932560 -13.201597286 -0.100433533 -0.186660171 -0.970090112 -0.118305796
42.129074987 5.843845597 -22.127633326 -0.922158608 -0.114448688 0.331118335 0.163968435
41.006820966 10.293267657 -18.353119824 0.366992203 0.102407082 -0.436479936 0.815055077
35.938901683 10.912568865 -11.521442100 -0.006750878 -0.193121756 -0.233044772 -0.953073212
33.029966680 -1.825372849 -16.805862436 0.323832576 -0.199609518 0.816469073 -0.434357866
43.420400988 5.675721156 -14.341368909 0.071015413 -0.114582056 0.618807981 -0.773889170
39.878770927 4.899185319 -25.528524933 -0.662709053 0.022740591 0.741787416 -0.100254708
33.447549286 -1.633352640 -24.036540872 0.056758996 0.107002754 0.316119997 -0.940955352
34.688408866 -5.977152293 -20.513009914 -0.573331787 -0.622530280 -0.352720085 0.399168203
40.166251404 -3.287459535 -11.938319841 -0.199195210 -0.248936435 -0.625041501 -0.712513187
37.915095311 -4.951603406 -15.617105477 0.871515845 -0.401972472 -0.276034901 0.051797649
36.600718651 11.101337844 -18.016854946 -0.501945448 -0.465894147 0.674491423 -0.275780224
35.697554706 -1.011917992 -12.434457632 0.424391136 -0.856336994 -0.083554131 0.282130863
37.202927652 -6.202710752 -18.764208009 -0.084309875 0.603554782 0.203336693 0.766333909
29.372049394 2.278318069 -15.325624025 0.137961413 0.287563983 0.919941234 -0.227995023
39.867095173 11.012404942 -17.614397696 -0.258825353 -0.140944588 -0.915084557 0.275253181
30.996526545 2.512035214 -17.355572015 0.011820865 0.285262914 0.017449218 0.958217544
27.989709465 4.626128031 -20.674479641 -0.007702110 -0.757494206 0.342731072 -0.555588533
40.978142473 8.691004109 -17.441292223 -0.199556803 -0.841885620 -0.485750797 -0.124305465
38.078077153 1.084035747 -25.457547984 0.239521976 -0.507323153 -0.074304101 0.824458212
32.516289684 7.421182400 -10.820229161 0.133764300 -0.247624628 0.335544812 -0.898998796
36.553447555 3.268246875 -18.623558057 -0.666436098 0.422118684 -0.163432176 0.592426086
40.021541890 0.128438453 -20.239414134 -0.394711485 -0.690204082 -0.461684052 -0.393279805
30.255451519 6.609192407 -14.328102643 -0.213441117 -0.436029677 0.578404463 0.655567912
40.195085161 -4.086320874 -12.717200890 0.057042805 -0.659111921 0.268763545 -0.700059819
41.561506732 2.021186351 -12.772443820 -0.413959635 -0.805618796 -0.382541627 0.182421708
33.051223240 -3.572860775 -21.971727119 -0.046154720 0.438354310 0.305255929 0.844117325
32.935278818 10.273381004 -15.096067169 0.634314373 -0.565197474 -0.011829382 -0.527311253
39.140558667 2.825603715 -20.890149795 -0.593996099 -0.113255554 -0.103572188 0.789692735
38.180382525 0.611003996 -17.704551464 0.237523248 0.209844076 0.740650499 0.592439878
29.882219574 1.077015425 -16.206888980 -0.646383281 0.006390443 0.154471617 -0.747185610
36.447071718 5.806450917 -13.761856636 -0.336269280 -0.574985082 -0.080291519 0.741531118
30.931304488 -1.992919608 -13.758527727 -0.378408479 0.171071423 -0.062625833 -0.907534901
40.855555855 1.142728494 -9.097599135 0.599419313 0.012848347 -0.069755121 0.797286417
42.033516428 6.187305120 -15.600143332 -0.470947496 0.436582726 0.761843095 -0.084847385
37.624427823 7.930311086 -13.495799812 -0.144277015 0.411646081 0.894661798 0.096498257
30.207438075 -5.198259504 -15.070486431 -0.545791991 -0.213646463 0.709663616 -0.390952483
30.592633111 -1.734568064 -11.985219620 0.425293665 0.550324942 -0.034156115 -0.717705452
34.229006091 -5.414936439 -13.059709502 0.647551778 0.506620385 -0.472909579 -0.316810685
28.268267925 5.516170862 -13.700763535 0.370701458 -0.040074240 -0.927508214 -0.026514107
31.144994282 6.503317441 -16.216374596 -0.149176227 -0.366997037 0.655257618 -0.643192881
38.118898305 6.624036403 -12.692694694 0.456140561 0.059610272 -0.501158093 0.732954958
41.426830087 3.747662297 -17.753228799 -0.658545464 -0.014437126 0.178597041 0.730898446
34.725252038 5.055125386 -23.656537722 0.234489151 0.669693357 -0.152310254 0.687987814
30.444532788 4.943624281 -18.876127678 -0.915536891 -0.362350984 -0.115048133 -0.131369302
39.594771044 -3.045483921 -9.940776794 -0.603687482 0.412662480 -0.396042928 0.555356732
31.594918661 5.679020891 -9.555836147 -0.154992005 -0.595739067 -0.704373694 0.353454583
40.614413394 4.104441452 -24.720100934 -0.629589517 0.328476227 0.647742458 0.275953106
29.004239317 1.029891475 -22.452876464 0.573619398 0.215453493 -0.743330855 0.268327818
38.620127965 9.484723169 -18.950836202 0.447444143 -0.573716579 0.652785122 -0.210984860
32.278167269 0.386042734 -22.422871899 0.253339264 -0.572740852 -0.258572532 0.735477654
30.108537757 1.380478387 -21.595846126 0.049507053 0.966217934 0.241024455 -0.076675728
40.355988402 1.468818892 -10.681866138 0.238872283 0.391987850 -0.771898890 -0.439838222
38.270679022 -2.191409503 -16.619955888 -0.593007933 0.359854769 0.708626672 -0.129206715
41.418568134 10.429706721 -16.171445854 0.472769077 -0.874314392 0.107978138 -0.020111340
41.278949876 -5.843176055 -16.888408301 0.040227789 0.028508112 -0.977341756 0.205844853
39.403357311 -6.474552557 -17.876102658 0.336742775 -0.175035811 0.571992087 0.727180735
35.338557925 7.186307912 -13.340642512 -0.321858202 0.360600437 -0.832980330 0.269292392
28.950848506 4.492231399 -11.607939129 0.480269970 0.229849333 -0.803440787 -0.266445006
40.125696787 9.652909731 -16.731966391 -0.606268001 -0.030981437 -0.764995165 0.215085235
31.747411634 -6.225418471 -16.413188387 -0.066735149 0.924978301 -0.217046690 -0.304716748
35.466785610 -0.374122124 -16.201324711 -0.226158495 0.431372510 -0.808348648 -0.330669861
38.537037545 -3.034486949 -24.306953240 0.752597987 0.156134744 -0.061191209 0.636768284
42.078652320 3.677260729 -20.350071457 0.334398372 0.374240304 0.182927083 0.845375423
32.304488858 -1.337129487 -12.148209217 -0.459171275 0.607703476 0.425722884 0.488485671
34.268294923 3.864941853 -11.543135542 0.109116570 -0.110952639 0.559244856 0.814265483
28.167550323 -0.434912411 -13.481620144 0.811303490 0.443254778 -0.328752159 -0.192960792
37.788312758 -4.016277668 -24.015170210 -0.551856846 0.804896445 0.052000498 -0.211876575
37.715288098 6.772351838 -24.614814777 -0.439078132 -0.143720360 0.055697552 -0.885128598
44.750657193 -1.751147792 -17.519148329 -0.524185704 0.012731017 0.462663649 -0.714849366
32.669876334 1.375726582 -15.986562188 -0.471378275 0.139180598 -0.327172370 -0.807087061
38.920155929 4.574267330 -18.332913064 0.232189649 0.381710748 -0.386001004 0.807086176
38.331334294 -1.234519139 -17.787876481 0.182086525 -0.382174247 0.905204566 0.037309999
37.332170141 4.907877924 -24.721098120 0.167678485 -0.291225600 -0.937376286 -0.091636642
30.469425387 -3.800042043 -18.732777563 -0.139123505 0.212464373 -0.228997367 0.939714716
37.073288390 -4.779467388 -14.266868863 0.539056185 0.533278344 -0.577131778 0.303235136
40.589920923 -0.840570846 -20.580706573 -0.105064545 0.059194624 -0.921122159 0.370123502
39.783236094 -6.275270884 -20.004882165 -0.588080243 -0.221182976 0.430752130 -0.647836647
37.818077321 -5.794998991 -13.074276903 0.598443024 0.545397512 0.550216960 -0.204129365
33.429347275 10.598761740 -21.263296392 0.213970289 0.935304250 0.021346830 0.281010655
36.900841677 0.907719334 -26.357592597 0.795285703 -0.507630276 -0.210085905 -0.256312439
34.632872849 -2.675148699 -17.579453393 -0.204758053 0.233013229 -0.851881221 0.421992133
38.993670471 5.548390514 -22.506161813 0.307323214 0.856348253 0.268631998 0.316317817
38.200428111 3.695619650 -8.016583381 0.756560473 0.643889362 0.094794333 -0.063535615
32.169199870 9.794431900 -16.552916878 0.153790998 0.452784165 0.871771041 -0.106536759
39.308687122 10.007398103 -21.314331056 -0.302892062 -0.111130794 -0.418812773 -0.848824014
40.610048267 3.262055039 -14.171581490 -0.725275991 0.001602345 0.439193553 0.530170908
37.102612996 2.676852403 -20.210695141 -0.674382032 0.205777949 -0.051444417 -0.707260760
31.434140875 6.133800886 -20.705789691 0.608148481 -0.281284157 0.665417633 -0.329019790
36.546993195 0.734353776 -10.761227343 0.447371564 0.410425867 0.627900566 0.486980668
27.880120473 1.705935231 -18.128362410 -0.526496988 0.165425879 -0.830796341 0.072198613
39.732330818 8.802705091 -19.867826562 0.546546519 0.110465652 -0.639952179 0.528720580
44.622259922 -0.012925065 -14.534038014 0.682533773 -0.047557354 -0.286872450 0.670514835
34.470174120 8.930383063 -22.021235787 -0.326360426 0.188375703 -0.556008657 0.740849405
31.621568121 0.858686772 -18.696395306 0.291053501 -0.121763083 -0.564601610 0.762683836
32.262930050 6.101523523 -8.899261862 0.037250195 -0.556756037 0.768351028 -0.313483389
32.309697052 3.000499572 -18.265879585 -0.062972525 -0.692795154 0.523665892 -0.491775730
45.166259717 4.625157969 -14.156991196 -0.170103925 -0.068631303 -0.700230934 0.689950026
40.153223814 2.443392000 -18.440880250 0.202022680 0.242204005 -0.623979970 -0.714963674
29.249509750 -1.112170737 -13.091705424 0.299932481 -0.053298639 -0.509312541 0.804860545
35.621342863 8.437608081 -18.146746244 0.753860484 -0.296890621 -0.452997596 0.371945573
38.450422725 7.436949347 -20.782764824 -0.390611702 -0.813669547 -0.088725099 -0.421298259
43.565645596 5.772055439 -17.685920631 0.796647972 -0.214515664 -0.455276440 -0.334751254
29.910705457 9.853069090 -18.722637185 -0.221522267 0.425066135 -0.857505496 0.186898343
38.863094557 9.037874079 -16.887710628 -0.096392632 -0.344774509 -0.249772611 0.899695860
30.786484903 -3.365862047 -14.967311618 -0.063394957 -0.486043798 -0.124652904 0.862672684
27.406250198 4.891615768 -13.076280910 -0.679521752 -0.485831535 -0.019082077 -0.549412215
40.986878868 8.246703182 -20.679599942 -0.647583078 -0.375981936 0.377466414 0.544786974
45.655892487 0.855672710 -14.661449805 -0.341719245 0.870525168 -0.270541789 0.228519210
40.187314335 10.617473796 -20.834565581 -0.241751536 0.435729959 0.323744926 -0.804291503
39.102362337 3.174242831 -14.359025370 0.602869149 0.774335195 0.188178365 0.039277188
37.507215593 2.088780214 -8.103328187 0.231652676 -0.460972895 -0.323805817 -0.793089416
32.906456292 0.168534395 -18.414897461 0.400983609 -0.720527887 -0.273761686 -0.495082063
27.711571761 1.559401512 -19.849914674 0.567633243 0.294740086 0.356259048 0.681175655
34.612624793 8.512029066 -18.901364191 0.825077206 -0.498113487 0.252441311 0.086046165
28.730142654 3.376022519 -15.119240993 0.505658021 0.629457210 -0.086867007 0.583564657
39.340942762 -3.250818348 -21.583682581 0.744654675 0.214517411 0.466556503 -0.426376272
40.430268603 -2.674501065 -10.992139753 -0.602345810 0.302803271 0.319980333 0.665659290
33.819633036 3.513440671 -21.466506214 -0.634515209 -0.271828337 -0.250531437 -0.678773750
36.347377708 3.628019809 -21.496709827 -0.087287820 -0.507535099 -0.825093307 0.232400504
30.567659769 -2.328266329 -13.089770601 -0.105691661 0.831368904 -0.260266292 -0.479496064
36.663044639 -4.860644382 -16.272773226 -0.393323714 0.879379981 -0.060684611 -0.261351644
30.433122798 3.329565286 -19.675138444 0.517534260 -0.293335314 -0.797739920 0.098608842
35.726275136 9.892037260 -17.010674249 -0.025081676 0.524684987 -0.528708178 -0.666741507
38.688361590 -3.682568475 -22.524034050 -0.105676144 0.537744328 0.366473129 -0.751904939
31.693211378 1.834957950 -11.342302293 -0.071249063 0.837905454 0.443509264 -0.310060565
39.153250430 -0.937217460 -16.218934019 -0.773618648 -0.115189522 -0.171462397 0.599037734
42.497172305 2.765939429 -17.715814671 -0.015143358 0.833892691 -0.547167113 -0.070723468
32.601786680 4.371321407 -17.466791400 0.312087714 0.665473730 0.464328001 -0.494110799
41.282710250 8.706324192 -17.529354719 0.595851843 0.259383664 0.706144489 -0.281141703
33.659337752 4.643421479 -17.288090614 -0.105691473 -0.143934980 0.963651997 -0.198713014
41.815020491 1.066324897 -24.835511622 0.075978921 -0.871434820 -0.334271774 -0.350843183
44.186767728 0.610568314 -19.547953669 0.905481912 -0.322149382 -0.027809572 0.274861619
39.708711554 7.448346855 -16.624470699 -0.135686847 0.731416687 0.529857037 -0.407271691
41.215532901 -0.057186522 -23.717080170 0.779275485 0.425054808 0.298427951 0.350711971
35.320730318 7.325251987 -20.177263047 0.898103955 0.365562275 -0.000901411 0.244484553
41.135960345 7.953924828 -13.256775058 0.451149993 0.247307097 0.827577739 -0.224539460
41.952943073 4.329928551 -22.399702295 -0.099596111 -0.494811862 0.706265662 -0.496417819
37.819979412 7.055611351 -12.794787619 0.665411534 0.237243430 0.449486893 0.546721664
43.488773955 -2.771205251 -14.559736363 -0.770762339 0.165042082 -0.190004496 -0.585307458
35.465337416 -3.438455999 -20.149442732 -0.696923641 -0.710040193 -0.074871481 -0.067339620
43.819621810 -3.865058146 -17.764728065 -0.372861988 -0.044089865 0.000182268 -0.926838707
35.511272332 -4.666849445 -14.557289159 0.223881011 0.019831276 -0.377119053 -0.898479401
42.695839407 2.191404578 -13.115118831 -0.646761050 0.151963869 -0.350055655 -0.660354575
29.034639244 -1.543178037 -22.149597205 0.599378301 -0.781349266 -0.153316179 -0.082055628
35.804169514 -0.910471197 -23.927956372 -0.968302327 -0.239110410 0.065279360 0.030909866
29.909779592 5.367573965 -12.409570927 0.270946334 0.829203292 0.228239185 0.432338824
34.452405528 0.164880571 -24.282752137 -0.140246069 0.069050584 0.075182293 0.984840434
34.546812894 -3.542292373 -11.042656373 -0.009978309 -0.677386880 0.723982309 -0.129988706
42.609057023 8.228133272 -18.467079119 0.023798661 -0.853435443 0.394946117 -0.339262631
37.899971169 -0.861153538 -14.572773434 0.578124695 -0.524631564 -0.169390562 0.601531708
37.936458860 8.861680247 -22.286044682 0.159197998 0.030516354 -0.875665999 -0.454899777
31.134740156 5.844380136 -8.862291557 0.316838140 -0.092509596 0.253989995 0.909145010
43.065288866 -1.636676695 -12.544151948 -0.526749190 -0.609090688 -0.107849843 0.583019927
36.263044124 8.004204295 -20.897264835 0.532050444 0.345099405 0.079916584 0.769052706
41.928078952 8.060823611 -13.106478435 -0.915248674 0.220752013 0.237131298 -0.239493551
29.589217024 -0.863000280 -16.832967958 0.432038633 0.154974163 0.719801105 0.520780181
40.119147639 2.282452322 -13.311464263 -0.548262624 0.810536578 -0.046031386 0.200797565
34.431583495 6.680093150 -19.996898915 0.411042065 0.058292631 0.473002904 0.777119452
30.797695887 0.972682150 -9.913161794 0.760156851 -0.133309067 -0.586635023 -0.245457949
31.072771943 -1.285698769 -16.838594337 0.529453656 -0.123015901 0.300928406 0.783573870
34.054804895 10.710191154 -19.405087786 -0.778479809 -0.215966091 0.341886921 0.480042882
32.855621242 10.708627501 -12.893511659 0.304329043 0.378039251 0.856986912 -0.173330873
40.016407761 -0.408592179 -25.222202142 -0.244299763 -0.275724014 -0.634669906 0.679329084
37.835093909 3.624029728 -7.311240142 -0.537322047 0.215498763 0.812352743 -0.070202008
39.959467840 4.529228739 -7.960267003 -0.609207610 -0.331565437 -0.703118508 -0.156699753
36.671186342 -4.305080710 -19.413056372 0.373185287 -0.076660119 0.030769240 -0.924072087
30.524003334 -2.787655501 -12.686104040 0.131665387 0.655662636 0.735884340 0.106042314
33.128694424 8.085657544 -16.954385101 0.524890443 -0.475888649 -0.654288348 -0.264436712
38.617035403 2.706660969 -23.564462395 -0.391951525 -0.233111482 0.190256831 0.869387932
38.592524079 0.197364194 -13.208812372 0.884821290 0.082259555 -0.068648544 0.453444625
34.980506894 4.497641843 -19.875422610 0.482354053 0.467624942 -0.739039034 -0.049827574
43.322933651 5.106894954 -13.720367178 -0.776741711 0.529247853 0.224559210 0.257181230
37.584160326 9.829262600 -18.576200987 0.496181158 -0.522153337 -0.303507416 -0.623733437
29.657360721 8.561698171 -17.890575127 0.325967236 0.662981214 0.571041817 -0.357928085
33.532547726 -0.521690214 -19.385345782 0.051856102 -0.455047006 -0.152978079 0.875694510
32.669406232 -2.758889349 -16.277329137 -0.190201123 -0.319375996 0.530028814 -0.762162688
39.776615551 -2.948015490 -19.118809390 -0.061593226 0.943807523 -0.179414853 0.270636184
33.597317795 -5.061928474 -11.783331085 -0.153375807 -0.044193375 0.919817288 -0.358411724
27.844824664 3.905754366 -18.561331153 -0.344321864 0.422977705 -0.811801223 0.208593121
31.513969427 -3.388837377 -17.024735907 -0.202680337 -0.829625265 0.467049068 0.229145737
38.236672389 3.597079823 -12.697222134 0.915941210 -0.097015339 0.357929475 -0.153382578
